1.68400204583731 	 2.16861107891513 	 5.37599992752075
0.999283279721882 	 2.29845066014368 	 40.1920013427734
0.919314563458695 	 0.0195124199635332 	 59.6487007141113
0.785367579742247 	 0.0641776092662383 	 7.87210988998413
0.725518500454161 	 0.0478753667261095 	 36.6085014343262
0.499173845199587 	 0.0495438146479006 	 16.1280002593994
1.06549582913668 	 0.00204915946832012 	 58.3686981201172
3.58933394805802 	 6.44547806637002 	 0.19200000166893
1.20299391669638 	 0.0294165508949732 	 42.8165016174316
0.522818725072813 	 0.0113858857147321 	 379.397003173828
0.905954245213909 	 0.0286327515322632 	 25.9202995300293
1.77260824720356 	 0.722249920108849 	 0.960012018680573
0.898556018149264 	 0.321608895791968 	 89.0891036987305
0.842538971304381 	 0.0698801212237771 	 17.4081993103027
0.85172366811622 	 0.0422952020069634 	 13.3121995925903
3.89460353073311 	 1.66513482703349 	 26.2402992248535
0.737853249536101 	 0.0425196562731767 	 501.829986572266
1.4983741776006 	 0.25722984870027 	 24.7042999267578
0.275140173596756 	 0.0384867931692244 	 29.4400005340576
0.59076518743014 	 0.0269149339607984 	 65.6647033691406
0.658239681722275 	 0.108070815075964 	 2.30399990081787
0.417952066086482 	 0.0179631167183928 	 75.7769012451172
1.12500359490109 	 0.156324350125275 	 19.07200050354
1.00208005815727 	 0.282303119856781 	 4.35205984115601
0.962097125414262 	 2.85484311385714 	 17.7282009124756
0.353602205847344 	 0.0175390970908062 	 211.970001220703
0.323772549240338 	 0.026847030133077 	 28.160400390625
0.870337455219371 	 0.0407142664768364 	 107.457000732422
1.15460128555499 	 0.0932127700840871 	 15.0402002334595
1.48354008404654 	 0.963970129361349 	 0.832000017166138
0.641718303548805 	 0.00625563368175449 	 64.7688980102539
2.25334427865321 	 1.87041833014136 	 4.60799980163574
0.9971640815826 	 0.0151427151965898 	 60.2888984680176
1.07556683449491 	 0.429072623148575 	 4.41604995727539
0.523320340329633 	 0.00557370482338847 	 59.328800201416
0.282826604073953 	 0.0413586834316172 	 13.37619972229
0.625168923026034 	 0.00654301616159627 	 5.88808012008667
0.559683181041385 	 0.0140422388519984 	 43.4565010070801
0.625613920449395 	 0.00643440797751116 	 7.42408990859985
1.05395244490015 	 0.0253376244222041 	 20.9923000335693
1.9223216991318 	 1.1742049532132 	 3.00799989700317
0.529988728721412 	 0.0106633417454647 	 7.68009996414185
0.84429354593951 	 0.0328261874403738 	 40.8964996337891
1.08122230630946 	 0.441447149368227 	 0.575999975204468
0.62047827830343 	 0.0141096769595535 	 74.4970016479492
0.196303905960863 	 0.0174300853929077 	 17.3442001342773
8.72844046548289 	 67.2818919604971 	 0.959999978542328
0.359841821439174 	 0.0144632568441829 	 26.6243000030518
0.459571298394054 	 0.015239435359347 	 105.984001159668
1.15199185944903 	 0.0289068989781735 	 2.87542009353638
0.554180893093135 	 0.0213921382350993 	 16.3841991424561
0.740107046702488 	 0.00913235251731172 	 41.2165985107422
1.35163604902917 	 0.205262023879781 	 62.9767990112305
0.398268713894613 	 0.143069298233145 	 46.3366012573242
1.38656878893151 	 0.809521019997841 	 0.512000024318695
1.67179455574482 	 2.16369658119589 	 113.920997619629
0.429492091634988 	 0.0184539733761372 	 39.9365005493164
0.641692315852339 	 0.00793547526246367 	 31.7444000244141
0.501473584176215 	 0.00797101279120204 	 45.3126983642578
0.370873665779908 	 0.0498703584104087 	 14.3360004425049
0.599062249110809 	 0.0163844411418603 	 50.1767997741699
1.48885963276708 	 1.24395595320059 	 6.40009021759033
1.23641798518295 	 0.460856857828536 	 3.32800006866455
0.445302669733156 	 0.0117072935713793 	 150.014999389648
0.223585613275728 	 0.00483228023149723 	 41.3446006774902
0.634581950889713 	 0.296969401769651 	 176.190994262695
2.07916784898277 	 0.721494378777693 	 1.21599996089935
1.56908887385559 	 0.474137801656817 	 30.7205009460449
0.252060381974979 	 0.109884588879875 	 28.4160003662109
1.1686473968799 	 0.0706076929567765 	 26.1124000549316
0.886613214839141 	 0.0951077828596938 	 17.1520004272461
1.42853659012558 	 5.84251339501484 	 0.832000017166138
0.378969753047922 	 0.0115931119672472 	 56.0648002624512
2.39850804906304 	 18.0272205568485 	 0.639999985694885
1.18419244743164 	 0.153891148042878 	 22.5284004211426
0.371757364206046 	 0.028857182920447 	 13.3121995925903
1.31069771332774 	 0.337234218556623 	 9.98400020599365
0.69862412540508 	 0.337381839147667 	 0.128000006079674
1.5776375510353 	 0.0812888240097071 	 8.2561502456665
1.67220593359366 	 1.33862487764992 	 1.72800004482269
0.712917425498331 	 0.014827716998366 	 34.8165016174316
3.12593305787842 	 14.689159442849 	 1.27999997138977
0.473038094610505 	 0.0203729838625847 	 1.66402995586395
0.463611029191508 	 0.0239465660217282 	 58.3689002990723
0.970289871086104 	 0.0160465951593351 	 11.7762002944946
0.636042105574901 	 0.0291571626230815 	 0.575999975204468
3.26974008549898 	 12.5304455085613 	 0.319999992847443
0.392594240279426 	 0.0185375876976348 	 20.7362995147705
1.28948523878926 	 0.43626847842532 	 0.319999992847443
0.322822555960391 	 0.0319255244769833 	 25.3439998626709
0.934848019899807 	 0.0350135573665532 	 41.9846992492676
0.901644981998965 	 0.0317215524257186 	 23.2964000701904
0.485796903653681 	 0.168211242175492 	 0.19200000166893
0.116080292718663 	 0.0129310936809134 	 19.4563007354736
1.19158177834785 	 0.0486709311728833 	 9.28015041351318
0.881051156774178 	 0.0383228054527059 	 54.1449012756348
0.704982819810773 	 0.00679436013877022 	 62.6570014953613
0.136925764349081 	 0.118113807756172 	 2.24000000953674
0.607301606540931 	 0.0156941048284014 	 45.5686988830566
1.22081990523996 	 0.363033618077659 	 7.42413997650146
1.72226290634483 	 2.20658845399822 	 0.19200000166893
1.25246697024338 	 0.183847368720062 	 24.5764007568359
0.469457660027196 	 0.0211979139598588 	 7.93599987030029
0.629231757300693 	 0.0128357862977705 	 22.5279998779297
1.60093957996393 	 0.184231068776361 	 97.2815017700195
3.06171848827115 	 0.45853696179031 	 0.19200000166893
1.25394618477292 	 1.15886542430135 	 0.256000012159348
1.48492356265441 	 0.0188966936281813 	 5.56808996200562
1.09287762579504 	 0.152031934132563 	 7.67999982833862
2.55099914351369 	 0.905772470239226 	 0.76800000667572
0.843938377385616 	 0.0332146568594849 	 29.6963996887207
0.487235728309429 	 0.00197328328573231 	 29.6965007781982
0.731879606108415 	 0.00686223696641023 	 18.8803005218506
1.04270773735719 	 0.0884348275362173 	 0.575999975204468
1.22809163206016 	 0.0247268772889594 	 16.4482002258301
0.504519236001173 	 0.0148022742944719 	 41.2168006896973
1.53864364084758 	 0.714038502369815 	 0.832000017166138
0.17030644803191 	 0.0265473224289409 	 65.7929000854492
6.26434723485923 	 23.0384731805294 	 0.19200000166893
1.16296681693806 	 0.494367761295402 	 0.76800000667572
3.05372679806747 	 7.38540273157889 	 0.512000024318695
0.733042819150419 	 0.00607067974905872 	 28.736400604248
0.463637904467317 	 0.00663562940521208 	 108.802001953125
1.12258970831757 	 0.0257561213302666 	 26.6243991851807
0.720739047876664 	 0.00521587965799581 	 18.432300567627
0.828073285798374 	 0.0319770844015153 	 0.703999996185303
6.10443985245975 	 63.4759817429621 	 0.19200000166893
0.657685594771592 	 0.0480938155759375 	 1.72800004482269
0.692446590984872 	 0.0719084881289696 	 58.3689002990723
0.732340745822285 	 0.0100215325200841 	 14.0802001953125
0.434120164292936 	 0.142170339801639 	 17.4083003997803
0.773099026844792 	 0.281700335902611 	 27.2639999389648
0.801508909904294 	 0.187283292491938 	 75.7773971557617
0.142734658012137 	 0.032163079424505 	 15.552300453186
1.97837442778349 	 0.490465553750094 	 1.85599994659424
0.170620072138592 	 0.0225983215299772 	 5.63199996948242
0.417045358230737 	 0.00672818294207021 	 16.6403007507324
0.568298212258756 	 0.294064021341453 	 35.0726013183594
0.987642151520001 	 0.0886815410129382 	 12.6082000732422
3.56341316506202 	 9.0120185569455 	 0.319999992847443
0.692125584020653 	 0.135654588918157 	 24.8323993682861
1.3462243690995 	 1.20843168114069 	 20.2240009307861
1.25140446434099 	 0.0522799550525139 	 33.2804985046387
1.59940627371375 	 0.490812010473963 	 0.448000013828278
0.607897594007413 	 0.0094832725411571 	 17.4083003997803
0.644878755379526 	 0.00168453810431121 	 2.17600011825562
1.80932550602487 	 2.21012391081362 	 16.18869972229
2.13676790127398 	 0.226287933255203 	 1.27999997138977
1.80029149818975 	 0.106267491438068 	 0.448000013828278
0.938227780864236 	 1.67383007267591 	 7.93599987030029
0.771610643186985 	 0.110671953485968 	 23.2964000701904
1.15117819074866 	 1.30343341809323 	 2.8160400390625
1.89371167705055 	 1.55390370759468 	 1.85599994659424
0.401874753434995 	 0.0329637857523196 	 27.9039993286133
0.445824851813493 	 0.0369916287258994 	 29.4400005340576
2.1477108502997 	 0.707873376701303 	 1.66402995586395
0.626260772157358 	 0.0683555438914233 	 56.5130004882812
0.432711691983069 	 0.0215383672469344 	 116.930000305176
0.402066851875591 	 0.0253828629701797 	 10.2399997711182
0.773348304707533 	 0.0336925081075206 	 54.7848014831543
0.880761688219949 	 0.524687454928798 	 2.36800003051758
0.78127217470861 	 0.744485483170793 	 7.93599987030029
0.551030903763861 	 0.152076154314234 	 29.1840000152588
0.968571536219927 	 0.01296906398163 	 135.169998168945
0.420697116877911 	 0.0251270750944525 	 16.1282997131348
0.62225565598035 	 0.0364174162719646 	 14.0802001953125
1.10187592592123 	 0.0723784522146151 	 61.6969985961914
1.97576845632682 	 0.897841583631767 	 0.19200000166893
0.750500395685881 	 0.0274124018604795 	 73.4732971191406
2.23588708318914 	 7.86134179783888 	 0.832000017166138
0.634065444546237 	 0.0222932383051791 	 14.8479995727539
2.60901277245488 	 5.66275919880592 	 0.448000013828278
0.702918241434683 	 0.116947319146785 	 30.3365001678467
0.81265593782412 	 0.0130010659701634 	 21.5011005401611
0.884783961144238 	 0.0189501766650304 	 14.336199760437
2.50986280873001 	 2.45389318589107 	 0.896000027656555
1.05536174999581 	 0.234968722639044 	 32.5125007629395
1.68535195926789 	 1.39997290395967 	 0.319999992847443
0.609266273157097 	 0.0362660806662287 	 166.914993286133
0.96763924666273 	 0.873764749575552 	 9.21599960327148
0.592786148353822 	 0.0337165407427466 	 7.16800022125244
0.739045267090663 	 0.00185974061107466 	 14.1442003250122
0.358282533560298 	 0.00313843831225722 	 75.3933029174805
0.834052081820549 	 0.143405110956124 	 16.1280002593994
0.622553543826902 	 0.0511010747053569 	 7.48811006546021
6.2543482520074 	 116.678460863381 	 1.02400004863739
0.554155422525828 	 0.0654535458273878 	 12.2880001068115
0.524324936878313 	 0.0206531042254661 	 3.96806001663208
0.266255977600466 	 0.0130958857703996 	 31.4885005950928
0.843542213994266 	 0.0731511157968798 	 14.336199760437
1.80717830558744 	 1.44154055509248 	 0.639999985694885
0.302514533281832 	 0.0133712224188681 	 66.0479965209961
1.20003879521984 	 0.181164248533674 	 283.843994140625
1.74291511280186 	 0.285748198479809 	 0.96001398563385
1.17830852165166 	 0.286963828366235 	 7.42399978637695
1.56635559056287 	 0.505276002857309 	 25.2803993225098
0.553133989250348 	 0.00777842601414517 	 11.7760000228882
0.433326520745839 	 0.0157158980364766 	 43.5205993652344
1.13573971497381 	 0.0690171408177953 	 2.24003005027771
0.424255751626922 	 0.00792940659407038 	 54.4007987976074
1.01693692731161 	 0.670618262362645 	 118.017997741699
0.38841082082644 	 0.00556685687478825 	 123.073997497559
0.468739306170205 	 0.00782323869383609 	 14.4642000198364
0.746321891548015 	 0.0173444355058501 	 6.78409004211426
0.956018704969471 	 0.261842523281241 	 91.3293991088867
0.666041348235471 	 0.189570552834881 	 74.1772994995117
0.996071374567755 	 0.245060753108796 	 0.76800000667572
1.19752629443368 	 0.188133231838607 	 3.77607011795044
0.22401987092577 	 0.0270570595118264 	 30.6566009521484
0.31848416744215 	 0.0229262662754409 	 20.2884006500244
0.459458840688057 	 0.00949284466034526 	 54.3368988037109
0.290475652932697 	 0.0208830672337334 	 35.904598236084
0.647654266263962 	 0.00248638598520367 	 79.0413970947266
0.659052046648494 	 0.0518194565728983 	 3.07200002670288
0.860734400718817 	 0.0290507988139628 	 9.85309982299805
0.370773590504084 	 0.00345558369024652 	 127.554000854492
2.12546892183727 	 1.07800523592369 	 0.76800000667572
1.0754606353474 	 0.101633612479266 	 20.7360000610352
1.63267975593578 	 0.931405961608793 	 8.06400012969971
0.554375745909462 	 0.107035793538308 	 21.503999710083
2.21478262193085 	 3.15387367920925 	 6.14410018920898
0.617952899493106 	 0.0188000105097929 	 144.89599609375
0.43146902172522 	 0.0280046040172115 	 7.42399978637695
0.822004974175279 	 0.0299189670645637 	 42.4325981140137
0.831115539378599 	 0.204529270147517 	 1.15199995040894
4.4832633713693 	 0.751054822757154 	 0.19200000166893
0.529965855227893 	 0.000311539645425357 	 112.386001586914
1.17488370302684 	 0.0198451935879203 	 13.5682001113892
0.424186106732827 	 0.0133503068860533 	 106.753997802734
0.614685865489431 	 0.0307144516005199 	 27.0084991455078
0.36451301466706 	 0.0405438690974805 	 26.1119995117188
2.36492545878013 	 1.69067617080669 	 0.38400000333786
1.24495471312596 	 0.106523627235358 	 47.1045989990234
1.02356101715222 	 0.13306617299005 	 7.16810989379883
1.09394975297795 	 0.174110170801906 	 14.336199760437
0.87943757339997 	 0.062607984148783 	 11.7762002944946
0.63555766301433 	 0.00229498883342934 	 48.896800994873
0.517082337262504 	 0.0256870385247867 	 20.4799995422363
0.29805766707158 	 0.0428205310088514 	 2.88000011444092
0.468499252029695 	 0.0274089243410882 	 4.15999984741211
0.388105186464087 	 0.0327228563896998 	 8.96000003814697
0.563637712891225 	 0.00317711231267721 	 69.8891983032227
0.468505196385711 	 0.012879753133057 	 19.4563007354736
0.1599404136403 	 0.0191337965204136 	 119.809997558594
0.367920385737748 	 0.0628840997022602 	 21.2479991912842
0.543013360003615 	 0.0308371513329178 	 22.2723999023438
0.57138613980371 	 0.00258517110946611 	 51.9687995910645
1.65604070462098 	 0.295425631816369 	 87.0413970947266
0.567541618476055 	 0.00201718908180086 	 82.8172988891602
0.581885796655881 	 0.0102331814672181 	 65.5370025634766
2.67344597459072 	 5.68179741328138 	 0.38400000333786
0.517668778422937 	 0.0150151056664427 	 76.481201171875
0.582222065985788 	 0.0014031657093623 	 23.7444000244141
1.23405769976275 	 0.00807755399694523 	 11.3922004699707
0.780698273115373 	 0.00634801536631083 	 3.71204996109009
1.2345844112782 	 0.12085094559328 	 10.7519998550415
0.324210244985784 	 0.0213235575003931 	 13.760199546814
1.3556730512519 	 0.321096723010069 	 7.68014001846313
0.924243604669017 	 0.0565841058068703 	 9.08815002441406
1.21356799456504 	 0.10242927292776 	 0.128000006079674
0.352153852006755 	 0.0162579998322486 	 27.5203990936279
0.768024006072432 	 0.00116326115235338 	 5.56808996200562
0.29414819074943 	 0.0184766880638234 	 46.5919990539551
0.179993146680639 	 0.0610225915121069 	 17.9200000762939
0.872333457897948 	 0.00674385475064728 	 11.0081996917725
0.311945173348026 	 0.00926013422755897 	 123.458000183105
0.267550485454948 	 0.0226942963386895 	 62.9768981933594
0.762090066390162 	 0.151004467441648 	 14.8479995727539
0.457519302061796 	 0.0110357435983875 	 7.55212020874023
1.454613671466 	 0.403163674221766 	 108.610000610352
0.491334934752472 	 0.0130417340868847 	 48.3847999572754
0.278839395176927 	 0.0177758160973569 	 56.3208999633789
0.404358103087216 	 0.0324731022127532 	 212.992004394531
0.485764494801113 	 0.0118205969394676 	 52.4168014526367
1.20421241203984 	 0.93457527218367 	 0.19200000166893
1.17678568420143 	 0.00287490724269997 	 12.4161996841431
0.17429373109564 	 0.0406726440002544 	 15.2962999343872
0.379660351589227 	 0.0376499017467356 	 63.3610000610352
0.402680998179571 	 0.00963822800593538 	 59.904899597168
0.840685683549498 	 0.110531496794401 	 8.70415019989014
0.602375442694569 	 0.001832906081378 	 68.4169998168945
0.49091844316163 	 0.0580680780096299 	 67.5851974487305
0.421242666914325 	 0.0672851650836775 	 101.633003234863
0.436435452561976 	 0.0010310622035359 	 39.423999786377
2940.65375568505 	 3502012.17433158 	 3.20005011558533
1.20661351762796 	 0.00459547115343626 	 19.3283004760742
0.570715529346347 	 0.023687589652201 	 56.064998626709
0.880150100317783 	 0.11029571767474 	 38.4006996154785
1.10759946453905 	 0.0376050778439752 	 39.4887008666992
3.07304890854723 	 2.46459759936154 	 0.832000017166138
0.336162308088564 	 0.0592670735008576 	 67.3292007446289
1.45104470835305 	 0.155507273911456 	 36.8639984130859
0.546552188681071 	 0.00479224214211 	 14.3360004425049
11.4749654106959 	 2383.17737710162 	 1.15199995040894
1.04484401117633 	 0.0281581361188111 	 53.4410018920898
0.804364639531536 	 0.0526176701314594 	 147.651000976562
0.62956973285923 	 0.022079820111045 	 76.6092987060547
0.601979555490274 	 0.0774503374935344 	 26.6240005493164
0.253298000675824 	 0.0219485479760338 	 26.6240005493164
0.628998878718646 	 0.02493746458613 	 87.0412979125977
0.640301075425314 	 0.0306329628857995 	 52.7360000610352
2.06904078367636 	 2.71199138311191 	 0.351999998092651
0.856206499631212 	 0.0173228933022276 	 25.4724006652832
1.26806336249024 	 0.00916462096006579 	 13.760199546814
0.663103948301869 	 0.00604214837151247 	 55.5528984069824
1.00341868628153 	 0.0939281558871378 	 0.512000024318695
0.920603301772808 	 0.0744482890455819 	 15.6162996292114
2.07965406678961 	 0.0944581279291627 	 6.17357015609741
0.672904189724416 	 0.151327486918299 	 2.75200009346008
1.15097052441748 	 0.0467734732344298 	 20.2243995666504
0.922465287172373 	 0.27749540493674 	 6.97599983215332
3.2996811334565 	 30.6299299300674 	 0.19200000166893
0.931187682527298 	 0.210252552114587 	 5.95210981369019
2.61950042060058 	 0.672067315272087 	 0.703999996185303
0.248129949721296 	 0.0110111477902462 	 3.83999991416931
0.422743511925094 	 0.0302158665954137 	 2.62400007247925
0.906505003538854 	 1.72281448575994 	 44.7999992370605
1.35946994821458 	 0.230364316792924 	 0.19200000166893
1.94463668095171 	 1.2077196980175 	 0.208000004291534
0.638936059787709 	 0.00400160741239807 	 24.2563991546631
1.39246550735184 	 0.252969428584039 	 37.5046997070312
0.60954528321644 	 0.100275816456253 	 6.52799987792969
0.931185809930613 	 0.0933840781951495 	 93.9537963867188
0.846610612738285 	 0.0519321854626916 	 450.569000244141
0.511564295840844 	 0.0226745635300735 	 3.32800006866455
0.339792005568885 	 0.000738723590882756 	 8.96000003814697
0.846542705949977 	 0.0933191630006956 	 19.2003002166748
0.986124815092214 	 0.0494372235086955 	 98.0497970581055
1.69322475867455 	 0.685870664279908 	 33.9206008911133
0.705825634965407 	 0.00224467146277174 	 10.6881999969482
1.09741299533234 	 0.0955923685649867 	 6.65611982345581
0.905375407281521 	 0.0713079290583748 	 13.5682001113892
0.576832160402111 	 0.00593786990008354 	 14.5923004150391
0.785031637459553 	 3.06659114533196 	 11.0080003738403
0.417657038094857 	 0.0218969082404079 	 30.9764995574951
0.958929202258175 	 0.0523844055692269 	 24.5764007568359
0.805069255310338 	 0.0617818332798643 	 21.1844005584717
0.582479121863853 	 0.0420981114086595 	 37.3759994506836
0.343342744282935 	 0.0151926115112005 	 113.664001464844
0.529283879898724 	 0.00202251364300282 	 50.1769981384277
0.630771140763395 	 0.14841343343172 	 1.98399996757507
0.817784795074026 	 0.0457619352804158 	 15.5520000457764
0.744817670937575 	 0.00562908998950584 	 604.491027832031
2.56715687474592 	 0.753866362562073 	 0.19200000166893
0.253686357002254 	 0.00436883668469281 	 8.70143985748291
0.78897257290159 	 0.00714515801296731 	 87.8096008300781
0.740458342785491 	 0.994899210484767 	 12.9919996261597
0.375422656058077 	 0.032188878386956 	 27.6480007171631
0.417533431441627 	 0.0118195045361401 	 111.106002807617
1.40830958621542 	 0.742765649822859 	 27.0725002288818
0.814067883127858 	 0.534916547612768 	 12.480299949646
0.528976393569032 	 0.0036645982800245 	 42.9448013305664
0.275187187561967 	 0.0275302323898027 	 4.35200023651123
0.60293687013311 	 0.0340926935387517 	 8.12800025939941
0.508536743988233 	 0.0606583592960822 	 18.3682994842529
1.3552590085444 	 0.116718088836392 	 23.0403995513916
12.538962670051 	 371.93325807107 	 0.575999975204468
1.21766101460607 	 0.147622626658174 	 49.7252998352051
2.12542904448412 	 2.25559918343214 	 0.76800000667572
0.990742387948403 	 0.0538141883660502 	 21.8882999420166
1.41384576038565 	 0.695077177759188 	 62.976001739502
0.750606863875856 	 0.0283726702076807 	 35.1366996765137
1.07436819612754 	 0.226231530630539 	 42.5606994628906
0.928204624954357 	 0.231652733641394 	 15.6160001754761
3.41370346417621 	 10.0391489709354 	 1.98399996757507
1.17016101614872 	 0.467289550024422 	 0.575999975204468
0.499543024180771 	 0.0199686842888243 	 19.5203990936279
0.335511656895481 	 0.0669477972561768 	 23.0400009155273
1.08985704192769 	 0.0335387999755696 	 102.529998779297
2.18708898968303 	 1.05085935142733 	 0.256000012159348
2.77338358378621 	 4.78525655049812 	 9.21619033813477
0.293866998573548 	 0.00679085200089964 	 22.5284996032715
1.44345559527758 	 0.615117398547123 	 10.6241998672485
0.704361453213857 	 0.370050850259941 	 99.0738983154297
0.716334703303663 	 0.00951887571637498 	 86.0176010131836
0.831384469693802 	 0.00429296380227046 	 3.52007007598877
0.386855892144772 	 0.0323395727886863 	 122.113998413086
0.69125355441644 	 0.0213673069232726 	 136.195007324219
0.540815313612517 	 0.0142407237322847 	 32.5125999450684
0.603629114899569 	 0.0139952364601216 	 14.8479995727539
2.93957005636686 	 1.09531189346812 	 0.128000006079674
2.73711714430455 	 1.99878617762227 	 15.3599996566772
0.646808919205687 	 0.159964942956031 	 17.7283000946045
2.12379073382054 	 8.38920987876307 	 0.19200000166893
0.463522547082643 	 0.058714029131187 	 29.1840000152588
0.549096467500167 	 0.00281260623849814 	 21.3763999938965
3.47705752394516 	 1.24400328217146 	 3.77347993850708
0.45915466391621 	 0.0167553986866527 	 2.49600005149841
7.26096353300853 	 26.4144937351721 	 0.19200000166893
1.0121758900462 	 0.138184494171905 	 29.1846008300781
0.853057078083973 	 0.0350392348211376 	 59.7120018005371
0.570720265995971 	 0.0185288698861968 	 23.5524997711182
0.64621977234203 	 0.0100158029508954 	 67.3292007446289
1.40666836241475 	 0.27463419557534 	 12.9921998977661
0.427776061612711 	 0.0156037887844739 	 32
0.953926084730822 	 0.0483359165070646 	 6.40011978149414
1.99948335499884 	 1.76176542396902 	 4.48000001907349
0.294384799786593 	 0.0457962166481864 	 67.0719985961914
0.842539112575812 	 5.91072345131379 	 8.70400047302246
0.87256971146275 	 0.142501833520057 	 0.959999978542328
1.11752137479729 	 1.99629663717739 	 26.6245002746582
1.19106233102968 	 0.0756728638306929 	 181.50700378418
0.644176689435613 	 0.00614352577350278 	 19.0083999633789
0.993583025687087 	 0.819883384061201 	 7.16800022125244
0.40051323805557 	 0.0268845622027079 	 16.1280002593994
4.76960281246268 	 22.1393582537046 	 9.02414989471436
1.16297351640757 	 0.173000391586814 	 12.8642997741699
0.385958250186965 	 0.03126701881637 	 34.0480003356934
1.20586213693467 	 0.207928575601408 	 35.5839996337891
0.266760701761163 	 0.0404132567696648 	 18.431999206543
1.05005821997886 	 0.0137329424607213 	 37.1207008361816
0.595081830633839 	 0.00745253152857497 	 60.6730003356934
1.62668979624905 	 0.0451502320735573 	 17.9202995300293
0.325027074952516 	 0.0389953371410409 	 8.19200038909912
1.10910469300337 	 0.072576022160611 	 7.10411977767944
1.22373030729486 	 0.306546600926706 	 5.63199996948242
0.607590545622239 	 0.00650462115504486 	 171.011001586914
2.93848867730791 	 0.719237835216795 	 0.38400000333786
0.600581372972587 	 0.00911179203310953 	 10.0481996536255
0.306199598156639 	 0.14877721516225 	 5.11999988555908
0.331708949783111 	 0.038307857252041 	 92.4160003662109
0.958923542145147 	 0.135237868243503 	 5.8880500793457
0.615907022982583 	 0.0166967677185119 	 9.72799968719482
0.485498132493914 	 0.079028731896025 	 22.016300201416
0.969003643377517 	 0.119299706365211 	 179.651000976562
1.83990357045122 	 0.0514103284070913 	 26.4965000152588
1.80079939813524 	 1.00283706225397 	 0.19200000166893
0.708043681578193 	 0.0133898693872712 	 52.5447998046875
0.592103029137301 	 0.00183158375645422 	 20.2884006500244
0.973274307650109 	 0.0502451392994462 	 47.4888000488281
1.40839176278592 	 0.175620992149858 	 16.512300491333
0.557678156760071 	 0.0247795816319318 	 175.106994628906
0.724143817524469 	 0.00924292430309201 	 169.986999511719
0.721037198952028 	 0.119961423783674 	 12.5441999435425
0.803767504900633 	 0.0494538201612708 	 25.0244007110596
0.929672876627625 	 0.106355752470692 	 95.8097991943359
0.656999963583661 	 0.0140299695028015 	 129.602005004883
0.409205568864532 	 0.00873651765940673 	 16.512300491333
0.678232970518806 	 0.0320717602626828 	 21.3763999938965
1.70029065083788 	 0.0881831927999055 	 44.0326995849609
0.278107819877786 	 0.0116152074470685 	 31.1685009002686
0.67148455557374 	 0.00564748088536223 	 42.4327011108398
0.529871508886937 	 0.00553393584020764 	 11.1361999511719
0.605627086961131 	 0.00150407749086889 	 10.6241998672485
1.40549724982712 	 1.59465924591811 	 2.11199998855591
1.74675954860194 	 1.06624227010039 	 0.639999985694885
0.379155329051765 	 0.0420665107829245 	 55.8079986572266
0.9569488467439 	 0.143736061459637 	 19.8402996063232
0.248577434799037 	 0.0291260987465615 	 30.4640007019043
0.204657903829802 	 0.0520844188428726 	 29.6324996948242
0.624578576908696 	 0.0191872398810086 	 5.44008016586304
0.547390263535569 	 0.0132309947382346 	 62.9131011962891
0.480139629170781 	 0.0161217971080007 	 35.3255996704102
1.39133955007488 	 0.264667245882563 	 1.47203004360199
0.548434060754892 	 0.0103897114314115 	 184.578994750977
0.755433197698531 	 0.00555138147634573 	 22.4643993377686
0.377426250990118 	 0.044133620204804 	 3.32800006866455
0.911916875813294 	 0.389414904506975 	 13.4401998519897
0.760431604566094 	 0.0765407363410427 	 8.19200038909912
0.779669221335635 	 0.048094601173216 	 30.2080001831055
1.16347837623328 	 0.0633239327104957 	 230.404006958008
3.03380216795895 	 0.969102133524821 	 0.575999975204468
0.683429884997856 	 0.00352078890166792 	 8.5761604309082
0.269471523940194 	 0.0156602074882199 	 172.291000366211
0.420561994797929 	 0.00983516189529007 	 37.3765983581543
3.16766567006883 	 5.2388259829342 	 0.19200000166893
0.361253116572141 	 0.00676670723951288 	 96.0017013549805
1.16875373413217 	 0.0796143060362039 	 51.8408012390137
1.02162889627157 	 0.117143711893935 	 123.90599822998
2.79132906197412 	 12.3018533550883 	 1.02400004863739
3.10108277094795 	 0.826086617567811 	 0.19200000166893
1.17591116761197 	 1.44406471400365 	 29.1840000152588
0.793127060051094 	 0.109633352415266 	 0.832000017166138
1.46684069617748 	 0.0576428016235371 	 22.0163993835449
0.486277661664338 	 0.00607815587931426 	 214.404006958008
9.32056798892491 	 32.6189486381219 	 0.128000006079674
0.892752006530005 	 0.00562587722638453 	 81.7932968139648
0.849426129118323 	 0.0270442449449255 	 100.097999572754
1.81709450874355 	 0.615207737597812 	 7.61612987518311
0.449260715315034 	 0.00528889674126681 	 35.5839996337891
0.317764391719362 	 0.0259453562642495 	 5.63199996948242
0.459191658141683 	 0.0329904741852857 	 14.8481998443604
1.2006319480686 	 0.176280354296718 	 5.95209980010986
1.88468110662946 	 1.3133732449465 	 2.43199992179871
0.485860886549406 	 0.0172388075708586 	 32.6404991149902
0.463432153398145 	 0.0190123998113845 	 38.6559982299805
1.89579341240535 	 1.11770133034113 	 1.60000002384186
0.942594735434677 	 0.160985954729679 	 3.07200002670288
1.10169528634136 	 0.113110757631602 	 21.8243007659912
0.362386374557581 	 0.00602343303092137 	 7.16519021987915
1.84162491459291 	 3.19947880559394 	 1.27999997138977
1.44729817382963 	 0.025199219021081 	 114.690002441406
0.405353975489489 	 0.0138650025589272 	 146.434005737305
0.380693220491659 	 0.0381621015263558 	 23.8080005645752
1.11465213104011 	 0.0172382782577371 	 165.378005981445
0.689061124461846 	 0.0227367938861418 	 10.2402000427246
1.08688446868073 	 0.060449194467025 	 63.8731002807617
1.39851006811894 	 0.706277979080502 	 28.6720008850098
0.861239790149999 	 0.0354353751103056 	 6.59213018417358
0.787470664368017 	 0.00671438159794985 	 58.4301986694336
0.225658870961768 	 0.0783499155101951 	 2.55999994277954
4.30975945519071 	 5.08061195290951 	 0.38400000333786
0.567358648116161 	 0.0135751739906294 	 78.0800018310547
0.735664874587907 	 0.0652461945502835 	 150.529998779297
0.527719953431714 	 0.00705363831636654 	 7.42412996292114
0.501913666982324 	 0.00351065473558181 	 62.4010009765625
1.07364164199006 	 0.0169927309443297 	 2.04537010192871
1.40374558999526 	 0.377695423970075 	 12.5441999435425
0.436976077941485 	 0.011792630784 	 8.96000003814697
0.199684399515093 	 0.0200453767474274 	 3.32800006866455
1.05924763431285 	 0.0268242054205037 	 84.9933013916016
5.73163330127537 	 86.2132027545302 	 0.575999975204468
0.411575609024002 	 0.0115101844306423 	 94.9774017333984
0.821594930164516 	 0.00617726104447629 	 8.70411968231201
0.470905075199103 	 0.0205672778828756 	 40.1926002502441
0.342472550327954 	 0.030715478865418 	 22.2719993591309
0.822927506358452 	 0.0425660927568749 	 11.5200004577637
0.483442826911093 	 0.00649159019576369 	 110.59400177002
0.535475519416961 	 0.0146135350153426 	 5.37609004974365
0.74934443672127 	 0.0212267970875985 	 13.8242998123169
0.914371911310254 	 0.384045386863491 	 5.63199996948242
0.679598135938505 	 0.059692972631181 	 7.93599987030029
0.852411289410898 	 0.252371584621176 	 12.8000001907349
1.32254984429374 	 0.0181919517759677 	 86.0174026489258
0.788500897613687 	 0.048621402526923 	 49.6007995605469
0.774706735654969 	 0.153603857902669 	 4.35200023651123
0.332320791064119 	 0.0206918094064776 	 51.7128982543945
0.69416786643447 	 0.0906608135229511 	 9.024169921875
0.410671272913179 	 0.0127776052593423 	 32.2560005187988
0.485561817214129 	 0.0305759665959294 	 37.8880004882812
0.830289812688235 	 0.337304224807716 	 8.19200038909912
0.358424028248292 	 0.055769632794556 	 4.60799980163574
1.79251907338639 	 0.594861000633939 	 0.319999992847443
0.813880228894299 	 0.143427086435661 	 7.16800022125244
0.169391095066402 	 0.0284483646727331 	 9.98400020599365
0.361773043083697 	 0.00972266092394303 	 161.026992797852
0.770691310880053 	 0.241593638239379 	 8.96000003814697
0.729463504953392 	 0.0347291078250334 	 65.0250015258789
0.461973726635653 	 0.210913198247073 	 36.3520011901855
0.873277273688264 	 0.363890569257377 	 15.3603000640869
0.685770410777459 	 0.0148881109209073 	 449.415008544922
0.959152723594986 	 0.0334138834913341 	 500.552001953125
0.720393679359331 	 0.0489197811574556 	 3.83999991416931
0.779349769441042 	 0.10623206850896 	 47.8720016479492
0.526318536446203 	 0.000644340858708775 	 120.769996643066
1.93091667240864 	 2.35997679683382 	 1.53600001335144
0.588534374143132 	 0.00254296565973432 	 76.801399230957
0.47996408463848 	 0.00194983596040776 	 20.2243995666504
1.25502109806658 	 1.67002361073576 	 14.3360004425049
1.828444149632 	 0.460327973432906 	 0.256000012159348
0.604203123868172 	 0.341018609249971 	 1.34399998188019
0.418861392295504 	 0.019971376596245 	 95.7457962036133
1.63542104603338 	 1.14088538628611 	 0.38400000333786
0.109607915312079 	 0.0533896049087802 	 3.32800006866455
0.573555817373423 	 0.0211682206001729 	 31.2320003509521
0.71392404486015 	 0.0840864435887054 	 43.5200004577637
5.41327832766429 	 232.589157539089 	 1.27999997138977
0.354015168778388 	 0.00813789348184454 	 375.813995361328
0.69288751178186 	 0.0196142593222652 	 9.47200012207031
0.725393255066749 	 0.00586368401380191 	 82.9440002441406
1.73813967275237 	 6.46052586647199 	 0.575999975204468
0.78565740193827 	 0.0261311952988819 	 50.1767997741699
5.15778504350202 	 140.418975070422 	 0.639999985694885
1.01575209920329 	 0.0054534018404769 	 103.938003540039
0.482248204949563 	 0.00419802544923286 	 43.8368988037109
0.498944676315651 	 0.065782783129082 	 29.4400005340576
0.636857752690618 	 0.0114540433022105 	 60.6720008850098
0.790715786990495 	 0.0614017505212124 	 8.19200038909912
4.20779713259749 	 4.21600952236112 	 0.38400000333786
2.5601957693459 	 1.55205948347678 	 0.575999975204468
1.13490400519434 	 1.10214195759668 	 4.86399984359741
0.485672364252252 	 0.00393392319199628 	 112.638999938965
0.488782988163423 	 0.0156034995219165 	 18.431999206543
2.62262275616275 	 5.759843037849 	 0.128000006079674
1.23612365085183 	 2.27867671548677 	 7.93599987030029
1.36495131776357 	 1.09123720067808 	 34.8133010864258
0.768789135675384 	 0.0329164730453792 	 61.4411010742188
35.2674306352864 	 246.10706575447 	 0.19200000166893
0.534577405150407 	 0.00625043215018922 	 2.04800009727478
0.494679054210387 	 0.0382520232447498 	 13.5679998397827
0.728474624008157 	 0.01598306094841 	 45.0568008422852
0.349907381470159 	 0.0339199606352042 	 6.6560001373291
0.848389010747373 	 0.324486413493531 	 2.24000000953674
0.633827804679151 	 0.0755763538227948 	 11.5201997756958
0.768933655368066 	 0.021547785002026 	 1.91718995571136
0.687601318582323 	 0.0395281636591591 	 51.0088996887207
0.725580673063561 	 0.00351461551696599 	 72.4492034912109
0.496091574344326 	 0.0379900626289594 	 31.7446002960205
0.406305532751875 	 0.0279013133734726 	 56.064998626709
0.833946357164994 	 0.269623054977881 	 1.72800004482269
0.303232530116374 	 0.0314520353467023 	 44.7368011474609
0.4730013778672 	 0.0483359478248957 	 25.6005001068115
0.771656352935885 	 0.0458896629172122 	 18.6879997253418
1.02459782606243 	 0.0312932152817364 	 81.2174987792969
0.4517599238386 	 0.017110197211254 	 95.4879989624023
0.623473508736555 	 0.023609609099479 	 153.34700012207
1.42849325115124 	 0.304953445254549 	 28.8645000457764
0.969325335125537 	 0.0425086522542842 	 23.6135005950928
88.0688767512082 	 40044.6615094976 	 3.58400011062622
0.394867907509568 	 0.0149335647243703 	 235.522994995117
0.636722394219331 	 0.00677031489512096 	 253.955993652344
0.548745902545531 	 0.00327297454793344 	 123.393997192383
0.398981000073088 	 0.0237103971204693 	 35.5205993652344
0.39742751690361 	 0.0155528805698694 	 183.554992675781
0.54817170176042 	 0.00464339670291999 	 51.4560012817383
0.928888188578776 	 0.283540286122442 	 2.30399990081787
0.969446667817734 	 0.0633959027362334 	 72.447998046875
1.11079588499572 	 0.379854871581254 	 43.2639999389648
0.36865077037007 	 0.0239682807464934 	 34.5606002807617
0.586074707291691 	 0.0147332781350755 	 205.828002929688
1.79283650676285 	 0.152117867363562 	 28.4165992736816
1.40609780825799 	 0.0608553828412265 	 17.8563003540039
1.13784854599721 	 0.632446753365473 	 5.37599992752075
0.293193526790865 	 0.0343008672581335 	 4.80008983612061
0.948068477882737 	 0.107733096721257 	 12.1599998474121
0.47956527501597 	 0.0155761689817965 	 47.3600006103516
2.07047364669298 	 3.95616600940652 	 0.38400000333786
1.92122905728063 	 0.243264978399766 	 8.1921501159668
0.67669382546853 	 0.00554987610755382 	 28.6725006103516
0.9941636388674 	 0.314016626795407 	 6.40000009536743
0.42737773650955 	 0.00315508723549903 	 158.720001220703
0.891946132212761 	 0.0823559358369001 	 12.2880001068115
0.795485621389876 	 0.04257045504048 	 37.8880004882812
0.567995921369452 	 0.121407207000133 	 7.67999982833862
1.03057094074201 	 0.170024908625224 	 5.63199996948242
0.311630055475287 	 0.00911263090601813 	 34.3045997619629
4.91232034752998 	 52.0990577375662 	 0.319999992847443
0.623440123548171 	 0.0389807240444918 	 60.6720008850098
0.533786320335121 	 0.0304430786810704 	 33.023998260498
0.841054282553234 	 0.111931665876736 	 13.0562000274658
0.59785363190758 	 0.00969898282485038 	 14.0799999237061
1.55576789688627 	 1.76293626410146 	 1.72800004482269
0.310396590772535 	 0.0372302240411661 	 18.432300567627
0.491358358452571 	 0.00999793098820094 	 25.6004009246826
0.43072013970493 	 0.0217663977678788 	 44.4807014465332
1.1098987041845 	 1.03584988940855 	 17.1520004272461
0.561961775399283 	 0.00131330528732455 	 5.69329023361206
0.303162966690285 	 0.0201758800016866 	 38.3359985351562
0.619956816536228 	 0.00546505685912504 	 19.520299911499
1.98158724127423 	 5.30967482299338 	 2.30399990081787
0.285992866167194 	 0.037217978691867 	 6.40000009536743
1.14026911775353 	 13.0870542766697 	 2.94400000572205
0.59663852690013 	 0.00528754719200925 	 14.4643001556396
0.409792152717148 	 0.0252306324649277 	 15.3360004425049
1.18445588512842 	 3.70240908111076 	 31.2320003509521
0.503539640727437 	 0.0693052168548496 	 30.7199993133545
0.330234263695368 	 0.056458543865399 	 36.0965995788574
0.733461116551976 	 0.00936823094161345 	 141.315002441406
1.86249998859756 	 1.34398637189214 	 3.20000004768372
2.33706912887218 	 3.44708143409477 	 2.36800003051758
0.737441818164595 	 0.0804877970972893 	 35.6486015319824
1.14611413713074 	 0.0405375216904676 	 9.02416038513184
11.6391695168333 	 694.509880950047 	 0.128000006079674
0.516721921411436 	 0.0333689324716516 	 61.9519996643066
0.339862330460329 	 0.0321874493593396 	 8.06400012969971
0.344208993049009 	 0.0089700976178729 	 23.5520000457764
0.496255910461147 	 0.0245009298870239 	 20.7329006195068
0.912690275593578 	 0.0620341339174063 	 54.2719993591309
1.12218816476917 	 0.0611281241926245 	 166.14599609375
2.12115355687972 	 0.711319143513039 	 0.128000006079674
0.337690991514097 	 0.0191901196628511 	 40.4486999511719
1.37207237426143 	 1.40242391622707 	 0.319999992847443
3.24039838180784 	 27.4869057501992 	 0.671999990940094
0.212088637125418 	 0.00972602263068176 	 356.356994628906
0.195358710796004 	 0.0173501283844344 	 101.634002685547
1.86566765530334 	 0.135177440663654 	 5.632080078125
0.319031287750675 	 0.0141128125259709 	 32.5125007629395
0.503844151249401 	 0.0234403345254422 	 7.93612003326416
0.440696624158412 	 0.579316761569029 	 4.09605979919434
0.76436978767895 	 0.0258065111297584 	 68.8639984130859
0.841304406906537 	 0.155572124624229 	 0.639999985694885
0.412181950571285 	 0.0449521000426577 	 5.88800001144409
1.14225721520089 	 0.937876991058398 	 0.575999975204468
0.898259957705952 	 1.06609281504259 	 23.0403995513916
1.02300255127199 	 1.37688015665274 	 12.2880001068115
0.334962546042258 	 0.0077240017676327 	 6.14144992828369
0.837530414700376 	 0.0242061364587008 	 28.1599998474121
1.45816918468462 	 0.323683604896081 	 27.1359996795654
0.954571814523091 	 0.398045964411404 	 58.1119995117188
0.591663518972628 	 0.0735188982640333 	 44.5439987182617
1.38518433269361 	 0.15357756987373 	 0.448000013828278
0.601676590667184 	 0.011230787714733 	 69.6328964233398
1.54181915948066 	 0.142554268466242 	 0.512000024318695
0.361398094879856 	 0.00987147920504531 	 45.8246994018555
0.717931257417632 	 0.0380031290400878 	 34.8165016174316
0.244053016334923 	 0.043215102647019 	 38.6559982299805
7.76267086008246 	 132.412217917741 	 52.2057991027832
0.74659164892995 	 0.0263045435081667 	 82.6892013549805
1.10214775511985 	 0.296817922529693 	 1.53600001335144
0.642191897761575 	 0.0395538451668761 	 9.98400020599365
0.341079885882132 	 0.0373724972518239 	 33.023998260498
0.678340925017886 	 0.0162143086185491 	 43.5205993652344
1.41161902486326 	 0.459334585730101 	 40.1926002502441
0.319867673457278 	 0.0287574989015049 	 12.543999671936
0.68400658307221 	 0.0121223462737173 	 163.843002319336
0.729103233706896 	 0.022127401820447 	 89.6014022827148
0.550965056610725 	 0.00120795686266096 	 70.4011993408203
0.56373313087701 	 0.129492492690379 	 3.51999998092651
0.568984166028471 	 0.0140088121810661 	 35.5844993591309
0.825125446627635 	 0.00422479907737459 	 26.880500793457
0.322950046731491 	 0.0307533169708715 	 6.40000009536743
0.623667304118182 	 0.0264701383606747 	 61.6936988830566
0.589173971770973 	 0.00852386540190072 	 34.3685989379883
0.528154912119007 	 0.0459758982341501 	 6.7201099395752
3.08866711333088 	 0.643811716008355 	 0.19200000166893
0.962141778056922 	 0.111579775576508 	 19.2003002166748
2.01900999077124 	 3.30328544837847 	 12.0321998596191
0.633869161384334 	 0.00204333855415561 	 73.2172012329102
0.56597040497937 	 0.00965615733657667 	 16.8959999084473
0.262240856389033 	 0.0195602137622337 	 33.2164993286133
0.46574019973472 	 0.00502698234301008 	 24.06130027771
1.00262893284873 	 0.0232420562224289 	 43.2005996704102
0.363053898087281 	 0.03378381578373 	 5.37599992752075
0.360007727421582 	 0.0113949707566515 	 22.7203998565674
0.469961984149256 	 0.0202074869212505 	 7.16810989379883
2.7659971451757 	 0.920712208643737 	 0.112000003457069
0.897778770886059 	 0.0201607619944338 	 90.3694000244141
0.891372199298306 	 0.0650315633405472 	 11.2002000808716
0.998639807916962 	 0.0118321089941391 	 21.8215999603271
0.881612671634311 	 0.025090634737126 	 73.4731979370117
0.659653329256938 	 0.0323374809475554 	 14.336199760437
0.58459323931163 	 0.0325064855866558 	 20.2240009307861
0.477396288942643 	 0.0103486864047077 	 29.9524993896484
3.85297595041463 	 9.39630950091018 	 0.703999996185303
0.745218640028363 	 0.0055002307423756 	 408.582000732422
0.403375255459733 	 0.0271577482184799 	 28.4160003662109
0.371109620103892 	 0.0156942514899926 	 33.8564987182617
1.12729419874177 	 0.0447333674302285 	 7.48502016067505
1.02309200130941 	 0.526940538459127 	 0.38400000333786
0.38018988447501 	 0.0299372684220651 	 186.882995605469
0.396310702756162 	 0.00977387528849488 	 28.4164009094238
0.919409403519044 	 0.0283271241203303 	 12.5441999435425
0.42958095204633 	 0.0210726567598948 	 11.2639999389648
0.420963326791154 	 0.0194118913734315 	 22.7842998504639
0.88543129097417 	 0.0169209574119154 	 5.94918012619019
0.580441675279018 	 0.00883202351202819 	 67.0730972290039
0.408140894077256 	 0.00696807800798126 	 16.3840007781982
0.358243073952729 	 0.0451509924970268 	 11.2639999389648
0.631366620640198 	 0.0244304057348293 	 76.6065979003906
0.820262956124564 	 0.00564637893453399 	 62.4650001525879
0.343138813298152 	 0.0344903318549671 	 51.0727996826172
1.2813806189212 	 0.481597033252803 	 44.6726989746094
0.633337070495572 	 0.00799948103879377 	 98.8814010620117
0.35108350118329 	 0.0278324399600504 	 22.5279998779297
0.197145230308454 	 0.00617733580910974 	 28.672399520874
0.767575083453377 	 0.0119684052692507 	 341.253997802734
0.516043908245171 	 0.00244667890297968 	 83.9052963256836
0.377738425721664 	 0.0243658190625485 	 51.4567985534668
0.143040872650161 	 0.0226959292649786 	 20.4803009033203
0.769690574911725 	 0.400564265255595 	 23.9363994598389
0.0688176533227134 	 0.198250820609053 	 20.7359008789062
1.24641612601034 	 0.259252711279143 	 8.96000003814697
2.00791684066989 	 1.8563123818969 	 1.79200005531311
0.688528043122746 	 0.00829894685550447 	 35.0726013183594
1.01244532273161 	 0.0600993687369078 	 9.72799968719482
1.27072605861717 	 0.0148439584796178 	 160.77099609375
0.692545351778072 	 0.0373220527050061 	 149.50700378418
0.505434775160685 	 0.0279325039383086 	 40.7047004699707
0.645427745484262 	 0.0348756612655064 	 17.6643009185791
0.447325707298169 	 0.0171311105113626 	 46.3975982666016
0.509064292501922 	 0.00424809517672627 	 75.2650985717773
1.25319027341667 	 0.0936300567037878 	 148.225997924805
1.60865763619617 	 7.97212155907578 	 5.11999988555908
0.798471737924149 	 0.0399874739751456 	 37.888599395752
65.3475319366528 	 12025.5037141596 	 0.38400000333786
0.757575766005498 	 0.00584565436506278 	 16.6403007507324
0.693346131364023 	 0.161405510007906 	 30.7199993133545
0.511086621166112 	 0.0230768091961399 	 42.4959983825684
0.555096996523869 	 0.00290845277365753 	 20.736400604248
0.714264591577157 	 0.00742214588943659 	 82.4332962036133
0.472754739652009 	 0.0481573784962901 	 8.70400047302246
0.420351627150317 	 0.00608355581581116 	 52.9928016662598
0.63829986633835 	 0.0236276956261194 	 18.5599994659424
1.17856570940844 	 0.34796274295998 	 1.47200000286102
0.791760334004866 	 0.00802200498425837 	 20.7362995147705
0.788081367040536 	 0.0399853772386845 	 7.93599987030029
0.75804867923654 	 0.0124062423241662 	 92.7373962402344
1.15824881866202 	 0.0442839575217703 	 11.0721998214722
0.814183466873457 	 0.262787981850957 	 8.19200038909912
0.734335640439658 	 0.0392797096238864 	 29.6965007781982
3.05046755430632 	 6.46023740849626 	 0.19200000166893
0.500743436346046 	 0.00339201851751713 	 68.6091003417969
0.792663332410531 	 0.0983091331101841 	 1.79200005531311
0.619939748548077 	 0.0651646456416836 	 51.7120018005371
0.964635392680046 	 0.124724579769774 	 11.9681997299194
1.32751393951866 	 0.260691920528046 	 0.319999992847443
0.468307892460834 	 0.0225496522305677 	 43.5200004577637
0.703833339951522 	 0.0571948926035703 	 12.0319995880127
1.25397408299305 	 0.101319969934512 	 77.185302734375
0.672121772522528 	 0.397876147690398 	 4.86399984359741
0.850428838028071 	 0.0707888598335399 	 9.66415977478027
1.46431353114112 	 1.05860655474056 	 0.19200000166893
0.321195484170231 	 0.0309430690261748 	 15.3603000640869
0.475618526554719 	 0.0967962004659952 	 22.0160007476807
1.63584689500782 	 0.805914999284681 	 0.575999975204468
0.923292688526997 	 0.201080849331379 	 23.8080005645752
0.286438627360872 	 0.0131557627404363 	 98.6257019042969
0.663048709183627 	 0.0824506360250636 	 8.96000003814697
0.2827962959481 	 0.00740526365902623 	 19.00830078125
0.579586049270225 	 0.0123956218041206 	 16.8959999084473
0.473572675250479 	 0.0147832656704228 	 55.5530014038086
0.830645543747327 	 0.198735007996515 	 22.0160007476807
13.2989209832752 	 1862.06516109619 	 0.76800000667572
0.614871493183848 	 0.00484784662242198 	 40.9608001708984
0.70553070157397 	 0.0013623597968029 	 83.7774963378906
0.816748711952949 	 0.00349418230860292 	 39.040699005127
0.704739102413032 	 0.0231764263018737 	 27.1359996795654
2.52140100056145 	 0.328717693673081 	 0.319999992847443
0.816051574604869 	 0.0362710020992606 	 74.753303527832
0.186578188872207 	 0.0165975603954167 	 2.94405007362366
0.254189078113646 	 0.01101823372112 	 99.8416976928711
0.45978193128293 	 0.00360757225461205 	 28.1599998474121
0.692182450513154 	 0.0651527992725704 	 12.7362003326416
2.33413354094072 	 4.93926244517875 	 0.128000006079674
0.709438254879377 	 0.00835974966643675 	 28.4165000915527
0.520264873605309 	 0.0130974086933745 	 20.2243003845215
0.441463159114216 	 0.0401573535587267 	 22.5279998779297
0.794144007233173 	 0.0230224937672577 	 23.0403995513916
0.360128802775983 	 0.044283775380455 	 38.6559982299805
0.488249600632047 	 0.0181184692228495 	 76.8013000488281
1.10413855983872 	 0.837911690830372 	 2.75200009346008
0.509247321319219 	 0.0263866482671818 	 43.2639999389648
0.400541743865013 	 0.0191526032826097 	 37.8246002197266
0.396693790444462 	 0.0341128780139874 	 17.1520004272461
0.707198065078599 	 0.00551646517766726 	 55.2970008850098
1.26558667071438 	 0.0875297768335269 	 41.7280006408691
0.613058098045305 	 0.0663679521834549 	 16.3843002319336
0.92051456269266 	 0.135129601002593 	 32.2560005187988
0.602092720647209 	 0.150642916188346 	 18.432300567627
0.774229385911988 	 0.0213836577746383 	 37.1206016540527
0.747658910106027 	 0.035336422995083 	 16.7012004852295
1.08089859334567 	 0.340859415615562 	 1.27999997138977
1.23143045116827 	 0.0184810676380032 	 3.07205009460449
0.5050798707886 	 0.0153440608453488 	 27.7765007019043
0.663026713568156 	 0.0802076178907852 	 3.58400011062622
0.807719558304079 	 0.0321749062375773 	 38.9126014709473
0.616756414516521 	 0.0199400946934035 	 10.2399997711182
0.577626219276254 	 0.000698251266485245 	 49.0887985229492
3.56578765492131 	 5.56854127940817 	 0.575999975204468
1.0834635211545 	 0.101369012349633 	 9.47214984893799
0.361927584342695 	 0.0283716649030932 	 1.34399998188019
1.53446319676162 	 1.85675005444871 	 0.864000022411346
0.33970512765835 	 0.0478033301110083 	 9.21615028381348
0.609799089456864 	 0.0109353472395039 	 13.8241996765137
0.381194220773668 	 0.0169759243024946 	 5.88800001144409
0.882170808273593 	 0.0134925981185113 	 2.62404990196228
0.636278141997153 	 0.0674036330067938 	 256.260009765625
1.54926538047936 	 2.11272664876022 	 8.12800025939941
0.703127769321189 	 0.0916150345546234 	 21.2479991912842
0.76431096669941 	 0.0227232828678757 	 1.08800005912781
0.810297866013888 	 0.027773835955286 	 29.4400005340576
1.7585858173209 	 0.822586874845679 	 14.336199760437
0.517372774585245 	 0.0072965222288113 	 60.9289016723633
0.699207653878938 	 0.0472912053511428 	 29.1844005584717
1.31875296606893 	 0.060586757848181 	 14.5922002792358
1.0339943440561 	 0.0143359726809457 	 52.9928016662598
1.18237287141446 	 0.421060991686395 	 19.7122993469238
0.6765129138746 	 0.0108303333120562 	 17.4083003997803
0.288526062272101 	 0.025107281572279 	 80.3840026855469
0.662564720551686 	 0.0325245163156987 	 1.60000002384186
0.207104146185158 	 0.0216632836148436 	 9.98416996002197
2.70110278578207 	 0.432473992205024 	 5.37599992752075
0.580564734894622 	 0.0138714059889599 	 25.6004009246826
0.407010228422244 	 0.074841969424763 	 13.3120002746582
1.47802879886256 	 1.20328265972965 	 1.27999997138977
1.70058744903037 	 0.276715053628506 	 26.6243991851807
0.447231761664581 	 0.0201784514926296 	 72.447998046875
0.927255967854957 	 0.096164364249016 	 4.35200023651123
0.444067943873192 	 0.00315991538774678 	 0.448000013828278
0.275398852880617 	 0.0286163779773014 	 11.7762002944946
1.76822956080512 	 0.667761289939782 	 0.256000012159348
0.909479469552068 	 0.00704969649240597 	 29.6965007781982
0.383522402994218 	 0.0189153369778566 	 16.3840007781982
0.186924862848999 	 0.0155054225684608 	 20.2243003845215
0.717312241197134 	 0.0206764176200065 	 4.28800010681152
0.840605774532019 	 0.0612444905087311 	 38.9119987487793
0.956360677790178 	 0.140033322753896 	 9.72799968719482
0.42740016675887 	 0.0104394622390525 	 101.181999206543
0.612403652453672 	 0.0289363724899944 	 12.5441999435425
1.77069094467783 	 4.54088965731166 	 0.959999978542328
0.344806814423274 	 0.0222724313129075 	 12.543999671936
0.468747262969068 	 0.0105177544872609 	 25.6004009246826
0.958000054016765 	 0.0141786572093095 	 254.912994384766
0.777396602334535 	 0.000682263113787955 	 2.88004994392395
0.578948110265088 	 0.0799269667154057 	 30.9731998443604
1.19746400564692 	 0.0445333320855655 	 5.63207006454468
0.687665900617522 	 0.724714934338504 	 22.7840003967285
0.797054250559299 	 0.098752552582412 	 1.66400003433228
0.441033495760528 	 0.0285806767571788 	 15.3599996566772
0.659724493987679 	 0.291076994622351 	 14.5920000076294
0.281021415862744 	 0.0412265138040239 	 41.9846000671387
2.29967901702458 	 2.59026565210681 	 5.76000022888184
0.666048618751274 	 0.106840510406704 	 2.30399990081787
2.47811512307277 	 7.70732619270337 	 0.703999996185303
0.604009983308223 	 0.0159665048869241 	 62.4650001525879
1.79783405894395 	 1.18740469512161 	 45.2486991882324
1.01900417815965 	 0.0655623474521972 	 18.1763000488281
0.881400370510095 	 0.0771154845497839 	 23.8080005645752
2.59720995946866 	 1.19425026979722 	 0.959999978542328
0.897205126176064 	 0.237207299747961 	 5.76000022888184
0.809545821146128 	 0.073104785711743 	 91.1337966918945
0.390206961529521 	 0.00693576375278011 	 28.1604995727539
0.24030874110506 	 0.0501330079269062 	 0.703999996185303
1.17785072033071 	 0.0175068663559102 	 43.6486015319824
0.539864150014202 	 0.0086245735531027 	 16.3841991424561
0.53915295670652 	 0.010189692497344 	 77.0543975830078
0.549012702199748 	 0.0280260642593112 	 25.3439998626709
2.25209306971165 	 1.86524140565263 	 0.38400000333786
0.464184268305961 	 0.0192457563353878 	 10.496000289917
0.516082982658556 	 0.0304620678979136 	 12.0319995880127
0.55805862504477 	 0.0234236379597074 	 18.1123008728027
1.76860306843746 	 1.06619414967617 	 0.959999978542328
0.485198215382298 	 0.0135292842635548 	 24.8323001861572
0.543052887800202 	 0.0148633223021446 	 1.79200005531311
0.3268373104062 	 0.0218895910785733 	 49.9207000732422
0.407180510795331 	 0.0169921995628292 	 63.2319984436035
5.0321574304958 	 12.309243574324 	 0.256000012159348
1.01628106520869 	 0.01654647223045 	 17.6002998352051
0.728403149481878 	 0.00741967929516877 	 47.6160011291504
3.74110798661809 	 4.79885136217157 	 0.959999978542328
1.96838748840747 	 0.336006272472239 	 0.639999985694885
1.25103989516159 	 0.038622963651522 	 271.364013671875
1.0337565980356 	 0.0447709084319908 	 7.4241099357605
10.2654753612406 	 329.976236560424 	 0.703999996185303
1.37286518391999 	 1.43621836034108 	 1.02400004863739
0.538164353867847 	 0.0161245896937058 	 35.0726013183594
0.343804444951377 	 0.0101496289244084 	 64.5130004882812
0.364701300944361 	 0.0175026307699856 	 77.568000793457
0.886068195352575 	 0.0378161915863236 	 8.960129737854
0.606338010613301 	 0.00284094937335185 	 40.9600982666016
0.895774569147507 	 0.0212896579676274 	 27.3283996582031
0.338516377120496 	 0.0237885149268428 	 131.839996337891
1.25286018616413 	 0.0156235421159308 	 44.0326995849609
0.523994076403786 	 0.0117434804373999 	 87.552001953125
0.773393398111908 	 0.0699422095435216 	 22.5284004211426
0.333149152557471 	 0.0524294644812825 	 13.8240003585815
0.858727478407325 	 0.081630907971884 	 29.6959991455078
0.896602058743126 	 0.063563369180476 	 24.9603996276855
0.545039288057599 	 0.00270552748448874 	 237.055999755859
0.630335489976408 	 0.014290024811213 	 75.0092010498047
1.96055785440791 	 1.36959705542174 	 0.896000027656555
0.477976929314365 	 0.00525205574746906 	 10.4961004257202
0.448033948180569 	 0.00156280249350133 	 100.481002807617
0.339676916902046 	 0.0197704559585685 	 32.7680015563965
0.661026343244399 	 0.0758973037343113 	 25.4724006652832
0.589838628241462 	 0.119067287296568 	 1.85599994659424
0.243613282526757 	 0.0224754378665008 	 26.6243991851807
4.69745123169707 	 4.12449321800556 	 0.448000013828278
0.337486797379565 	 0.0172936333778789 	 14.336199760437
2.02750273446251 	 0.799587832813327 	 0.896000027656555
3.6991288369755 	 12.0004210913497 	 0.19200000166893
0.490701678510595 	 0.00930588121758065 	 36.8639984130859
1.70102092208375 	 0.387275521306783 	 0.159999996423721
0.444260842557281 	 0.0189362377631243 	 66.3040008544922
1.29025270535851 	 2.72520321131234 	 1.53600001335144
1.19598842318097 	 1.36366087104447 	 111.61799621582
1.50022463187449 	 0.294847331422984 	 5.05607986450195
0.966051996431942 	 0.0164060232882962 	 16.0643005371094
3.3718958501825 	 1.32970215420708 	 0.896000027656555
0.71670085431339 	 0.0453376607830125 	 49.6646995544434
2.34181136950405 	 3.14498633746126 	 0.38400000333786
0.569346578788439 	 0.0178503517497733 	 195.587005615234
0.610597170159179 	 0.00490045152457753 	 5.76000022888184
0.860661423035674 	 0.0214836085875529 	 46.8487014770508
0.909685213562397 	 0.0696165468507919 	 66.9449996948242
0.743635629645903 	 0.0190947616268046 	 112.06600189209
0.47150173633023 	 0.0184006984375215 	 22.0160007476807
0.244357862585442 	 0.00692929881297649 	 33.7919998168945
0.49726909336224 	 0.00267972432399688 	 130.050003051758
0.538051061663278 	 0.238718248323225 	 10.2399997711182
3.80022162619068 	 5.55074089185631 	 0.575999975204468
1.47768986732133 	 0.764671831294799 	 5.88800001144409
5.02973598417481 	 10.4513839277414 	 1.27999997138977
0.775099634400063 	 0.0328637847846341 	 52.9928016662598
0.770015830084068 	 0.0121344664842906 	 118.017997741699
0.731982637808533 	 0.0247092916516074 	 21.2483005523682
0.293370866945379 	 0.00868026258005778 	 20.4799995422363
0.335679583193175 	 0.010489662695415 	 28.1599998474121
0.816501964624008 	 0.120388230423093 	 5.63199996948242
0.360608816510697 	 0.0176336885754189 	 182.274993896484
0.332467552817059 	 0.0173500497350626 	 4.2880802154541
0.623232153924546 	 0.00747306195770973 	 60.1609992980957
0.912104548186568 	 0.35871397303126 	 3.07200002670288
0.681596824241365 	 0.0363746440856216 	 1.53600001335144
0.498930284983294 	 0.00332415712003106 	 96.7679977416992
0.551041057249022 	 0.00477721026865114 	 141.567993164062
0.915709606053683 	 0.445363778639897 	 3.45600008964539
0.815754699023789 	 0.0600227547333105 	 65.793098449707
2.07164188711564 	 1.22742339607169 	 0.448000013828278
1.64325020938484 	 1.78169203266335 	 0.575999975204468
1.43008715167532 	 0.293566236428849 	 14.3362998962402
1.99049280111182 	 0.254712124767144 	 0.512000024318695
0.564337584887525 	 0.00534354746604607 	 166.914993286133
0.755585588175387 	 0.223766174181945 	 11.0080003738403
1.16699436807913 	 0.0838910323039653 	 15.8081998825073
1.20951748202696 	 0.969728084366996 	 2.04800009727478
0.492328333626713 	 0.0111752961864568 	 59.1370010375977
0.928453838828846 	 0.0404897186505451 	 22.1443996429443
5.82630415017952 	 79.1408878378601 	 1.27999997138977
3.12759495143082 	 1.62198611429172 	 0.832000017166138
0.268518191604487 	 0.0272318491779189 	 331.782012939453
0.48206136077856 	 0.0176013283411223 	 33.2770004272461
0.463554495449371 	 0.0291262330529272 	 2.30399990081787
0.29548072178864 	 0.0787614820647492 	 8.70400047302246
0.528141733227491 	 0.0101015496715951 	 125.439002990723
1.59102792453244 	 0.0340008468673735 	 7.93611001968384
0.673999063376232 	 0.00766936968914072 	 102.337997436523
0.857890829662055 	 0.0141095610613273 	 42.4967002868652
1.50681914933774 	 0.412777274186215 	 0.256000012159348
0.825873014407351 	 0.550778883553988 	 49.8568000793457
0.685942288315198 	 0.0835551719180192 	 12.8641996383667
1.81416756946274 	 0.274829409522409 	 0.639999985694885
0.40771291380114 	 0.00438556598406696 	 17.3442993164062
0.519588303816654 	 0.0218434778371288 	 17.1520004272461
1.6069444021326 	 1.58548334994706 	 2.81599998474121
0.80903741494023 	 0.079753860356055 	 12.8002004623413
0.698991638169964 	 0.113354152299655 	 5.63199996948242
0.474611379026594 	 0.0248838108307715 	 8.96000003814697
0.724200007846099 	 0.0113826114854336 	 9.21599960327148
0.389657090143647 	 0.00914442530105065 	 828.671997070312
1.11347816271203 	 0.265806140627699 	 5.11999988555908
0.356796402794108 	 0.0220346878557734 	 38.9127006530762
1.102722115157 	 0.0728804212015483 	 11.0047998428345
0.795163791228756 	 0.00291036118925852 	 58.4971008300781
0.513926926630797 	 0.0148557780251082 	 23.0370998382568
0.397979737866165 	 0.0172726746689525 	 32.7680015563965
0.454131596329253 	 0.00934831945314131 	 26.3684005737305
0.538818127624282 	 0.0163010740579637 	 11.2642002105713
0.327508040653473 	 0.00619598211175703 	 70.4011993408203
0.472861278068221 	 0.0188341536950404 	 8.96016025543213
0.540431489742789 	 0.0154446307214005 	 35.3279991149902
1.22959801925737 	 0.171558596924329 	 2.04800009727478
0.315163288554749 	 0.0565254126058532 	 8.70400047302246
1.04707565591225 	 0.12654595026082 	 13.5682001113892
0.552824564367202 	 0.0108441324392246 	 66.8160018920898
0.528187779194391 	 0.0799937825033344 	 78.8479995727539
0.900051023643074 	 0.330504212983458 	 21.568000793457
0.673681675938208 	 0.00482981319821109 	 178.690994262695
0.519217624053564 	 0.00955913344370167 	 19.4559993743896
2.89691144416901 	 2.45987303957404 	 0.143999993801117
0.744095224175085 	 0.00471864844980174 	 147.458999633789
2.3779265977011 	 5.21588431940977 	 0.19200000166893
0.798121625459075 	 0.0251734511197796 	 11.2642002105713
0.460193847657985 	 0.00364770359732469 	 91.5855026245117
0.697045143396567 	 0.0982694842243588 	 41.4720001220703
0.903740058253818 	 0.0177350169495698 	 9.78952026367188
0.319124130417427 	 0.00471173292419231 	 15.3603000640869
0.377151062373329 	 0.0145332032944065 	 96.7679977416992
0.458851432871075 	 0.00346301969618313 	 13.760199546814
0.696156273419056 	 0.00279367728084535 	 143.746002197266
0.76513132353248 	 0.0156656412464551 	 58.1128997802734
0.313807262612135 	 0.00206644707198182 	 12.9921998977661
0.843316873869549 	 0.00935682649153983 	 6.59210014343262
0.611414095332832 	 0.199311131316599 	 14.8479995727539
0.515026867644717 	 0.0113676154697069 	 37.1206016540527
0.435178786253288 	 0.00543320881344151 	 168.003005981445
1.17278281089741 	 0.243048987844623 	 1.53600001335144
0.8657452406906 	 0.00449528653357969 	 96.1295013427734
0.453625925359888 	 0.0161847078372017 	 6.40009021759033
0.509318313672999 	 0.0181122486452136 	 70.913200378418
0.63954579384336 	 0.00900169777965423 	 111.106002807617
0.592306845659048 	 0.00186644048554086 	 15.4209003448486
1.04748589899753 	 0.0419947398919163 	 67.8411026000977
0.655500441753006 	 0.0302392060734385 	 23.2959995269775
1.90697571748846 	 0.021375515780473 	 25.6004009246826
0.562479327309028 	 0.0145895079451733 	 118.52799987793
0.777884821793019 	 0.0332756676989721 	 120.578002929688
2.05484884447425 	 2.36689005613348 	 0.38400000333786
0.778367576823847 	 0.0267129731517978 	 63.4879989624023
0.968881098796217 	 0.102267059131719 	 16.0002994537354
0.41076357199732 	 0.00309024218595101 	 142.850997924805
0.22047264670457 	 0.00125858247769514 	 121.087997436523
0.295200023133997 	 0.0887877128404989 	 352.768005371094
0.727985506585735 	 0.0244530933161876 	 56.3199996948242
5.27223370369213 	 55.6576631642761 	 0.639999985694885
1.00609030735406 	 0.0193396971235255 	 6.91209983825684
1.5863942505961 	 0.0053252144487642 	 31.2325000762939
0.988533552307332 	 0.0282472921007682 	 13.8241996765137
0.944952780967875 	 0.0544531070981256 	 22.7840003967285
0.532406984106125 	 0.02526312340152 	 3.32800006866455
0.41885372204564 	 0.0034492847383734 	 34.5606002807617
1.62252484984222 	 0.344413663109678 	 0.959999978542328
0.55609559864876 	 0.0132403868877551 	 7.9361400604248
0.418424947215629 	 0.00352414713980717 	 88.8320007324219
1.64143573042179 	 0.346796656013566 	 2.55999994277954
0.397143231296435 	 0.0202814708749874 	 32
0.563636063658833 	 0.0123070798585839 	 9.21599960327148
0.628454264935416 	 0.00410693108785503 	 26.1124000549316
1.17406944261103 	 0.117901727883017 	 3.07200002670288
2.00776949487814 	 0.731786355373501 	 0.19200000166893
0.204785574897798 	 0.00103976605955004 	 169.47200012207
0.34381013421004 	 0.00232538257170786 	 104.96199798584
0.20712414317945 	 0.00360052971942068 	 38.9127006530762
0.921315071864889 	 0.0171975619974048 	 27.3285007476807
0.555194790286337 	 0.0227253583694362 	 13.8240003585815
0.558466570315804 	 0.000705066785382001 	 62.2089996337891
1.31020567026938 	 0.0544949724132295 	 138.242004394531
1.43498755984834 	 0.0161468172201589 	 24.3202991485596
0.401325207793545 	 0.00335225608019375 	 3.32800006866455
3.25152753249558 	 5.0804440743641 	 0.879999995231628
2.71381292964809 	 0.202900666047158 	 0.38400000333786
0.778587834795648 	 0.0071466040121663 	 73.2170028686523
1.93519321554951 	 0.0923444725984562 	 50.2406997680664
0.75347008912447 	 0.0275104615096374 	 60.1599998474121
0.365643217643094 	 0.00604743907038889 	 24.3204002380371
0.410682473572419 	 0.0162650398932279 	 31.488000869751
0.297944517176984 	 0.00189824284932589 	 29.4400005340576
0.773478457095236 	 0.0447327405289287 	 17.4080009460449
1.52693134938506 	 0.368601869814792 	 0.256000012159348
0.870407203803573 	 0.107590563504113 	 20.4799995422363
0.484402528238892 	 0.0318990271247876 	 2.55999994277954
0.455293775391383 	 0.00101209839906883 	 33.2803993225098
1.46361500231289 	 0.0703504208276113 	 4.09600019454956
1.13694536004413 	 0.0103595281365221 	 48.5766983032227
0.279838045719373 	 0.0048365888560612 	 27.9039993286133
0.454146301794271 	 0.00460811143580282 	 17.9202995300293
0.356534096190299 	 0.0107228698507265 	 5.37599992752075
1.93488119010176 	 0.582808431501993 	 27.7763996124268
0.490189375591814 	 0.0044804001844068 	 66.3040008544922
0.550827319446179 	 0.00768156060683919 	 55.5527992248535
0.421662193618166 	 0.00739556107541283 	 58.6214981079102
0.691719532377805 	 0.00507134300590695 	 26.8803997039795
0.357463543634618 	 0.00498093515395061 	 24.1282997131348
0.772073787394803 	 0.00581819186326107 	 52.2248992919922
0.284771000643659 	 0.00720558783991754 	 5.37599992752075
1.0838601681674 	 0.00722278215348565 	 191.490997314453
1.00186189922643 	 0.0232830836673082 	 21.7602996826172
0.889675092767798 	 0.0132539901388166 	 66.8160018920898
0.245206199002983 	 0.0452057452287141 	 7.42399978637695
0.631491502584309 	 0.0113985846597866 	 10.2402000427246
0.359324114498201 	 0.00263817652228054 	 9.28011989593506
0.671974309754453 	 0.0184735021438949 	 21.7600002288818
1.26633666568214 	 0.329234879583472 	 0.76800000667572
0.533149115196566 	 0.00530913985887051 	 14.5920000076294
0.978983556833558 	 0.181463217955665 	 0.959999978542328
0.523094480035834 	 0.0281701688763046 	 29.4400005340576
2.41330043535689 	 1.0802450630451 	 44.5439987182617
0.205608959776097 	 0.00969658801626506 	 22.2723007202148
0.766524373669041 	 0.0634686081987937 	 7.67999982833862
0.309430953195978 	 0.0034001815625957 	 42.2406005859375
3.90007391305379 	 0.910468813339716 	 13.8240003585815
1.43558516587574 	 2.73216288574617 	 1.72800004482269
0.469585519847719 	 0.00141902235135976 	 28.1599998474121
0.372637452871305 	 0.00338626693867194 	 35.8400001525879
0.529936231776135 	 0.0151615528506965 	 21.5042991638184
1.59882766242679 	 0.218267378557298 	 0.512000024318695
1.16653823305546 	 0.0100512811173079 	 17.1522006988525
0.781998833658639 	 0.0326654387125832 	 20.2240009307861
2.66861602922322 	 0.0298254422667983 	 1.60000002384186
0.206113775731901 	 0.000779633284083094 	 58.8809013366699
0.574386886966789 	 0.0440830128107158 	 16.3840007781982
0.446052122632552 	 0.00830750960621962 	 6.40010976791382
10.6621816360091 	 42.2213855284966 	 0.128000006079674
1.64265121582991 	 0.272900250189908 	 0.128000006079674
0.596961992712124 	 0.0085957242308747 	 76.5451965332031
0.429587551333986 	 0.00630222574667231 	 14.0767002105713
1.43944290084112 	 0.00547095209951511 	 47.8726005554199
0.698927103247524 	 0.0159666781779758 	 91.1360015869141
1.7195656771266 	 0.668253336469632 	 0.76800000667572
1.60625036142217 	 0.371096329297207 	 55.2960014343262
2.02471434579712 	 0.148417513899562 	 48.6399993896484
0.358633347659051 	 0.00092228613769038 	 199.171997070312
0.311983139675001 	 0.00356900980706752 	 81.4079971313477
0.372770098239236 	 0.0339588530949099 	 2.30399990081787
0.378685752269342 	 0.0173134219809162 	 8.19200038909912
1.32933446260073 	 0.0470792424861135 	 6.65609979629517
0.518453681729758 	 0.00103451921945721 	 12.9921998977661
0.162182268250122 	 0.0130473114816719 	 27.9039993286133
3.90653008523351 	 1.20483678712708 	 0.0640000030398369
0.637086620999361 	 0.0062116901121685 	 7.61611986160278
1.60875892401281 	 0.386175960651818 	 0.959999978542328
0.461449084933036 	 0.044547797611412 	 0.256000012159348
0.470238721385092 	 0.00773091685752567 	 44.8007011413574
0.369085653203803 	 0.00578598623656997 	 11.2639999389648
0.712714710235214 	 0.00191322549154019 	 236.292007446289
0.459553151046265 	 0.00885112735436066 	 37.888599395752
0.275748515612969 	 0.00315496483332669 	 36.8639984130859
0.786078731084324 	 0.0232464528968802 	 25.3444004058838
0.48089754534229 	 0.00400206064772039 	 82.6892013549805
0.837550558163431 	 0.00761295291480681 	 87.0412979125977
1.60641696495185 	 0.0235783302172571 	 136.449996948242
0.56009378938128 	 0.00745978210751092 	 3.90400004386902
0.532455126669584 	 0.00470343725204214 	 6.65609979629517
0.432066629113671 	 0.00721931817224181 	 83.9680023193359
0.529766786807006 	 0.00247365987011719 	 36.3520011901855
0.354395501747061 	 0.011273851183676 	 24.8320007324219
0.232092856761611 	 0.00519427601494514 	 68.6080017089844
2.74204657306536 	 0.314081259205405 	 21.2479991912842
0.498910166315694 	 0.0214805065277184 	 11.2639999389648
1.4829718952851 	 0.224727315114827 	 8.19200038909912
1.36083395254498 	 0.826303818105013 	 3.13599991798401
1.33655531157447 	 0.0622172255855049 	 66.0479965209961
0.438962705213333 	 0.0124936792192785 	 33.7919998168945
1.21219711891848 	 0.253404127084769 	 0.512000024318695
0.738624546808055 	 0.104514965812506 	 0.959999978542328
0.810443032794193 	 0.0207869841721148 	 80.8972015380859
1.34391778286139 	 0.064842530534461 	 17.4083003997803
0.440411232591146 	 0.00224845288503786 	 37.1199989318848
0.927865381626289 	 0.1970173877382 	 1.79200005531311
0.215771453404684 	 0.00366253075916851 	 6.40000009536743
0.321300244782675 	 0.00107795675249444 	 215.554992675781
0.365316695877839 	 0.00145305032013794 	 265.476989746094
0.374764571214757 	 0.00292069388111146 	 132.994003295898
0.810372204812776 	 0.448961287451885 	 2.30399990081787
0.468115513421808 	 0.00479492958180052 	 55.0400009155273
0.337442283886121 	 0.0181760259858726 	 1.15199995040894
2.16200364996515 	 0.1952133963752 	 0.128000006079674
0.840913474534856 	 0.0172313460759075 	 41.984001159668
0.966899198401478 	 0.0130787248637164 	 36.3493003845215
0.693527638517764 	 0.00416485665344181 	 77.0571975708008
2.17502863313476 	 0.0299478793485178 	 3.20005011558533
0.436538269591216 	 0.010608845616552 	 30.2080001831055
0.440675797418707 	 0.00343099664076464 	 39.9360008239746
2.95329060914765 	 1.75786429152478 	 2.24000000953674
0.389375927018137 	 0.0106992084648429 	 17.6639995574951
1.67272340216018 	 0.126074075547699 	 45.3120002746582
1.76185992658418 	 0.00822197066382279 	 17.1518993377686
0.324331012410636 	 0.0221434240890047 	 14.3360004425049
0.758950157590889 	 0.0035444757746421 	 104.448997497559
0.523133788548273 	 0.00743744660566213 	 50.9440002441406
0.566447249232214 	 0.0194920118906762 	 53.2480010986328
0.525140000393219 	 0.0129350368957592 	 27.3920001983643
0.539269683331094 	 0.0135218863288695 	 7.42412996292114
0.478022699030156 	 0.0190038979181747 	 62.976001739502
0.581255849569283 	 0.00461913233437101 	 112.641998291016
0.613826429885342 	 0.0117726339750288 	 14.5920000076294
1.0337159623735 	 0.0136380648801276 	 18.1763000488281
0.845130527014421 	 0.027768563847717 	 27.3283996582031
0.960340853334674 	 0.00459494321188284 	 60.5451011657715
0.998808122348212 	 0.0202861217733906 	 93.9536972045898
1.55125706646381 	 0.0816885816928862 	 85.2494964599609
0.860446826503685 	 0.0499775113713077 	 34.8160018920898
1.08108336664112 	 0.0219033456632976 	 23.0403995513916
0.972477381230005 	 0.195109464319124 	 3.13599991798401
1.06075969932277 	 0.120429784517962 	 3.00799989700317
4.77349101565096 	 0.650131749747943 	 0.128000006079674
0.386571000350058 	 0.0100994504407129 	 59.6479988098145
0.668012972558087 	 0.00799984254955734 	 18.1763000488281
0.420222001850803 	 0.0292258066754258 	 15.1040000915527
0.392775957259415 	 0.0315684293051361 	 1.98399996757507
0.550277313971149 	 0.0226289752663482 	 19.9680004119873
0.313696758114826 	 0.00234425110615972 	 86.0175018310547
0.853416607361534 	 0.0355810374484274 	 29.9519996643066
1.92164170578919 	 0.0173033154762884 	 13.5682001113892
1.66806763210021 	 0.799677279504936 	 4.09600019454956
0.25016941918578 	 0.00360349436626752 	 44.7999992370605
0.395146188254212 	 0.0299899458026059 	 7.42399978637695
0.326314899348834 	 0.00175860932650783 	 80.0652008056641
1.36565201483991 	 0.0269118172557628 	 23.0403995513916
1.35250661385236 	 0.0294111335519423 	 19.2616996765137
6.29162283110659 	 11.473882498777 	 0.76800000667572
1.39850442241856 	 0.0404093476097263 	 12.9920997619629
0.976565689920389 	 0.0865555296307108 	 3.07200002670288
0.421190661269965 	 0.00700931781848113 	 49.1520004272461
0.581745103935398 	 0.00258670424047975 	 31.2322006225586
0.920800164624331 	 0.0248127414294803 	 3.64802002906799
0.382926754113397 	 0.0063044294287718 	 188.417007446289
1.32299292826517 	 0.0765374850517545 	 1.08800005912781
13.5768452792318 	 135.888016430368 	 0.575999975204468
0.518474841773042 	 0.000646226830000503 	 33.023998260498
0.5880387089908 	 0.00580269103575424 	 91.3932037353516
1.29482412560442 	 0.926476773432718 	 0.703999996185303
0.300124208024963 	 0.093797199726629 	 3.32800006866455
2.42171095370447 	 0.143771378021354 	 9.47218036651611
1.0986727781259 	 0.246750485120115 	 0.76800000667572
0.36039682375117 	 0.0002050248861051 	 81.1520004272461
0.887033493853873 	 0.0729538494702962 	 12.0319995880127
0.250133306176422 	 0.00265506904866419 	 68.8639984130859
0.304860023993579 	 0.020134322951948 	 4.60799980163574
0.762820786127447 	 0.0246519869965732 	 14.9091997146606
0.246114389342754 	 0.000789880502431324 	 10.4961996078491
0.177062850878269 	 0.00394890533480526 	 90.1119995117188
1.10561710639207 	 0.13593481255559 	 3.58400011062622
0.896631641651455 	 0.00741790426730344 	 121.53800201416
0.568969508567147 	 0.0071142499090099 	 75.7760009765625
2.22265604923376 	 1.38246200157438 	 0.128000006079674
0.637156896930971 	 0.00933784162220243 	 71.1679992675781
0.515993490690684 	 0.0110606041018586 	 146.690002441406
1.09719030915907 	 0.00631309090840976 	 27.2642993927002
0.927910910379379 	 0.0581465903344157 	 1.40799999237061
0.404396080619588 	 0.0301834053327322 	 3.45600008964539
0.422838817340371 	 0.00456621637525653 	 18.6243000030518
1.655269591518 	 1.12714699935446 	 2.43199992179871
0.292030819060399 	 0.0053090932759794 	 27.1359996795654
0.319203171045385 	 0.0048821575393591 	 53.5050010681152
1.26194176937732 	 0.0675857571709126 	 6.0801100730896
0.304707194790659 	 0.00563706878901974 	 77.0559997558594
1.13625272049368 	 0.0784925713713818 	 17.4080009460449
0.957251950781888 	 0.0260045406560027 	 2.30399990081787
0.960728717956142 	 0.187744221254207 	 17.1522998809814
0.871877159082171 	 0.0471581363987734 	 17.1520004272461
1.41781578271447 	 0.0520072494636537 	 67.5839996337891
0.674232956124243 	 0.0196305875646538 	 31.2320003509521
0.525955301463123 	 0.00242914310197542 	 232.707992553711
1.1655925693658 	 0.0112182172786498 	 51.7130012512207
0.622842476371577 	 0.0270042157450901 	 12.0321998596191
0.315220874029982 	 0.00696053041545022 	 14.9123001098633
0.304371865205774 	 0.00652898510544464 	 14.336199760437
0.590399744784149 	 0.00534976305860696 	 72.1932983398438
0.470210017475424 	 0.00559198450664628 	 50.3689002990723
0.901222913838338 	 0.625785710900413 	 2.30399990081787
0.213383161049089 	 0.00429369084571302 	 10.496000289917
0.769745293643401 	 0.0347877063865944 	 111.426002502441
0.824765956540864 	 0.0438650001979956 	 11.5200004577637
0.647324249941511 	 0.0237911560264984 	 4.15999984741211
0.986186845504529 	 0.00779729006556572 	 21.5044002532959
0.976245782670393 	 0.00912933209698755 	 34.0485992431641
2.23304239485925 	 0.2686704425638 	 0.319999992847443
0.472259883293264 	 0.00411054830097529 	 84.9919967651367
1.06692076918712 	 0.197153752569621 	 26.6243991851807
0.618712966744166 	 0.0100070977216935 	 22.7844009399414
0.590877924943356 	 0.0126302959113802 	 39.9360008239746
0.331773671615758 	 0.00488276286184117 	 109.311996459961
1.13668055268247 	 0.116639567779971 	 37.1199989318848
0.584046871041586 	 0.0918800615775033 	 7.67999982833862
0.681346078781909 	 0.0190424509546087 	 25.6004009246826
0.445025231783277 	 0.00457286656584071 	 31.744499206543
0.691270114019683 	 0.00662596644796706 	 361.471984863281
1.06493416736226 	 0.160777539882202 	 95.2332000732422
0.873011740786682 	 0.0534849289874893 	 37.568000793457
0.398806536755854 	 0.00404326373887518 	 13.3120002746582
2.01724499071139 	 0.827504391589202 	 0.319999992847443
0.635529821236146 	 0.0183071412593761 	 9.21599960327148
0.656515916233933 	 0.00916827813440966 	 26.3684005737305
7.03144407154595 	 51.178717949053 	 0.256000012159348
0.784210383261514 	 0.00101598231152052 	 22.1443004608154
1.08287264844787 	 0.0695980587452489 	 20.0960006713867
0.587266787865685 	 0.00529768110717826 	 64.1279983520508
0.773687418614097 	 0.0121630730055281 	 44.2879981994629
0.895901524348231 	 0.0310947448446401 	 19.4559993743896
1.30041695333206 	 0.0854868419905293 	 50.4328002929688
0.75736389818047 	 0.119121796365784 	 1.40799999237061
0.958178129464943 	 0.0191285525224697 	 59.1360015869141
0.858150556994541 	 0.00540863389603639 	 147.970001220703
0.431030070633073 	 0.00742158438819284 	 17.1522998809814
0.554639422821696 	 0.0172391229886072 	 38.1440010070801
0.641359567470817 	 0.015429052361106 	 22.016300201416
1.00948451557916 	 0.0660411769695857 	 18.9410991668701
3.03966010335944 	 5.08057516225617 	 0.703999996185303
0.530001815505805 	 0.00917861696378803 	 47.6160011291504
0.2978560092542 	 0.00644498156105602 	 46.5919990539551
0.724285204498646 	 0.0135714662497819 	 11.549599647522
0.834418719291482 	 0.0172080606929243 	 19.2003002166748
0.384367717327583 	 0.0012663194493612 	 79.1039962768555
8.0448037654928 	 10.2002628908441 	 0.0640000030398369
1.4323858703898 	 0.0139016365386395 	 13.5682001113892
0.761852292664138 	 0.00600652400050848 	 138.242004394531
12.3188448514675 	 566.017601193801 	 0.512000024318695
0.794628061168638 	 0.0180969591486068 	 22.7842998504639
0.63475589580183 	 0.00737415708510412 	 71.6811981201172
0.677379923476936 	 0.014063307080179 	 6.40000009536743
2.70908200109294 	 2.98121099167091 	 0.959999978542328
0.81601820705202 	 0.00132797014442324 	 36.8646011352539
0.333246834879832 	 0.00249601178845541 	 134.143997192383
0.70949396009511 	 0.0223927824690685 	 38.9126014709473
2.80043572414096 	 12.0863786454186 	 0.512000024318695
3.70515798096791 	 0.761988665136135 	 2.81599998474121
0.428960384618384 	 0.00126602143949032 	 45.8246994018555
1.77699696147171 	 0.026718335889416 	 6.40000009536743
0.58631674176741 	 0.0109977062657639 	 111.103996276855
3.45257594750693 	 37.1860907695446 	 0.096000000834465
0.977411736690104 	 0.153509848486323 	 1.79200005531311
0.156569117286903 	 0.0118734861373389 	 7.42399978637695
0.403236554769537 	 0.0199979270037557 	 12.543999671936
0.430124008113593 	 0.00576816851180628 	 75.5199966430664
0.851878521561981 	 0.0161452669356346 	 63.7449989318848
0.932652243921436 	 0.0690386872968162 	 25.0879993438721
0.820738702632967 	 0.136470491374407 	 6.91210985183716
0.533014925937314 	 0.00341517041122952 	 83.9692993164062
0.423001908384535 	 0.00735904768724111 	 26.8799991607666
0.282802998774906 	 0.0130122411143692 	 43.7760009765625
0.487058684640647 	 0.00384074400455841 	 69.6331024169922
0.870742411385552 	 0.0125412713172074 	 156.416000366211
4.47068423204133 	 3.08872886157047 	 0.38400000333786
0.288373151623262 	 0.00421962921389194 	 11.5200004577637
0.815277883674536 	 0.00786980186217149 	 80.8960037231445
